Website,Pixel IDs
riteaid.com,['1264059003707256']
gstatic.com,[]
googlesyndication.com,[]
linkedin.com,[]
amazon.com,[]
bing.com,[]
twitter.com,[]
icloud.com,[]
googletagmanager.com,[]
wordpress.org,[]
wikipedia.org,[]
cloudflare.com,[]
instagram.com,[]
fastly.net,[]
fbcdn.net,[]
sharepoint.com,[]
doubleclick.net,[]
domaincontrol.com,[]
live.com,[]
youtu.be,[]
office.com,[]
github.com,[]
googleusercontent.com,[]
googlevideo.com,[]
